14
14
12 11 4 6 7 2
13 9 4 8 8 3
6 7 4 10 4 3
7 3 4 13 8 2
1 1 4 2 3 1
10 1 4 6 6 2
8 5 4 7 13 2
5 13 4 1 7 1
7 1 4 3 13 3
1 10 4 2 11 3
13 11 4 12 8 1
6 11 4 3 2 3
3 11 4 6 6 3
12 12 4 6 5 1
2 2 4 3 4 3
0 10 4 0 3 1
13 6 4 0 12 3
2 3 4 7 9 2
2 13 4 8 13 2
4 8 4 4 5 3
8 4 4 12 11 2
7 13 4 3 1 3
1 11 4 13 4 1
0 0 4 4 5 1
5 2 4 4 11 3
13 5 4 4 2 1
6 3 4 4 9 2
5 9 4 5 4 3
0 2 4 1 5 1
13 11 4 12 1 1
5 13 4 2 1 2
11 0 4 1 8 3
1 8 4 5 7 3
9 6 4 3 9 3
6 7 4 6 3 2
8 11 4 3 11 3
9 0 4 10 13 3
6 0 4 0 10 2
12 4 4 9 13 1
10 5 4 3 13 1
11 1 4 3 8 2
12 6 4 10 7 3
1 11 4 11 0 1
6 0 4 9 3 2
13 5 4 9 11 3
13 2 4 10 4 1
-1 -1 -1 -1 -1 -1

