10
14
9 7 b 4 6 7 a 2
1 9 b 4 8 8 a 3
6 7 a 4 4 4 b 3
7 3 a 4 0 9 b 2
1 1 a 4 2 3 a 1
1 4 b 4 6 6 a 2
8 5 a 4 1 3 b 2
3 2 b 4 1 7 a 1
7 1 a 4 5 1 b 3
4 0 b 4 9 0 b 3
3 9 b 4 6 7 b 1
5 2 b 4 3 2 a 3
3 1 b 4 6 6 a 3
0 8 b 4 6 5 a 1
2 2 a 4 3 4 a 3
0 0 b 4 0 3 a 1
8 8 b 4 2 0 b 3
2 3 a 4 7 9 a 2
1 1 b 4 5 3 b 2
4 8 a 4 4 5 a 3
8 4 a 4 9 7 b 2
1 3 b 4 3 1 a 3
5 0 b 4 6 8 b 1
0 0 a 4 4 5 a 1
5 2 a 4 7 1 b 3
7 8 b 4 4 2 a 1
6 3 a 4 4 9 a 2
5 9 a 4 5 4 a 3
0 2 a 4 1 5 a 1
3 9 b 4 9 6 b 1
3 2 b 4 2 1 a 2
4 5 b 4 1 8 a 3
1 8 a 4 5 7 a 3
9 6 a 4 3 9 a 3
6 7 a 4 6 3 a 2
3 3 b 4 3 1 b 3
9 0 a 4 3 5 b 3
6 0 a 4 0 0 b 2
2 7 b 4 9 3 b 1
5 4 b 4 5 1 b 1
5 5 b 4 3 8 a 2
4 7 b 4 7 4 b 3
5 0 b 4 4 5 b 1
6 0 a 4 9 3 a 2
7 8 b 4 7 3 b 3
4 8 b 4 4 4 b 1
-1 -1 -1 -1 -1 -1


