15
12
3 3 b 4 8 4 b 2
11 2 a 4 9 5 a 3
4 4 a 4 14 9 b 2
13 9 a 4 2 10 b 3
12 8 a 4 5 3 b 1
3 9 b 4 1 6 b 2
14 9 b 4 0 12 a 2
4 4 a 4 5 9 b 2
4 1 b 4 10 9 b 3
10 8 b 4 6 13 a 1
13 0 a 4 2 4 b 3
8 0 b 4 4 5 a 3
1 3 b 4 14 1 a 3
0 6 b 4 14 11 a 3
13 8 a 4 10 6 b 1
7 12 a 4 0 8 b 3
14 8 b 4 6 11 a 1
1 6 a 4 2 4 a 3
7 6 b 4 4 3 a 2
7 3 a 4 13 7 b 3
2 12 a 4 6 8 b 1
6 2 b 4 12 11 a 2
11 8 a 4 11 7 a 1
8 8 a 4 1 1 b 1
9 0 a 4 0 0 b 3
3 11 a 4 4 4 a 1
9 4 a 4 11 0 a 3
10 10 b 4 10 6 a 3
4 9 a 4 4 9 b 2
4 0 b 4 1 7 a 1
2 4 b 4 7 4 b 2
0 6 a 4 6 4 b 3
14 12 a 4 2 12 a 1
10 4 b 4 9 9 b 2
3 9 a 4 1 0 a 1
8 8 b 4 14 12 a 1
11 0 a 4 10 7 b 2
5 1 b 4 13 9 a 1
1 12 a 4 3 9 a 2
11 2 a 4 4 10 b 2
12 11 a 4 6 14 a 2
3 4 a 4 13 2 b 3
12 6 a 4 5 4 b 1
4 12 a 4 7 13 a 3
3 9 b 4 6 14 a 1
7 9 b 4 11 13 a 2
4 2 a 4 5 1 b 1
9 6 a 4 10 10 a 1
9 5 b 4 4 0 a 3
0 0 a 4 2 6 b 2
1 9 b 4 3 3 a 1
4 14 a 4 4 0 b 2
6 4 b 4 3 5 b 2
14 10 b 4 2 0 a 1
12 4 b 4 5 7 a 2
11 2 a 4 10 0 b 1
1 11 b 4 12 1 b 3
5 9 b 4 13 14 a 1
8 10 b 4 14 3 a 1
10 2 b 4 8 4 a 2
11 5 a 4 4 8 a 1
6 3 a 4 4 1 b 3
7 4 a 4 10 4 a 1
14 4 a 4 7 9 a 2
14 2 b 4 13 4 b 2
11 1 a 4 6 9 a 1
5 7 a 4 7 5 b 2
8 8 b 4 13 3 a 1
4 3 b 4 2 2 b 3
6 2 a 4 5 2 a 3
14 12 a 4 12 14 a 3
13 14 a 4 7 8 b 2
2 10 b 4 12 10 a 2
3 4 a 4 9 8 b 2
5 4 a 4 10 10 a 3
7 2 a 4 0 5 b 1
13 9 a 4 6 0 a 1
10 13 a 4 0 10 b 3
2 6 a 4 14 8 b 1
6 9 b 4 14 14 a 1
2 7 b 4 1 10 a 3
8 4 a 4 11 4 b 2
4 14 a 4 6 14 a 3
14 4 b 4 10 0 a 1
13 9 b 4 1 2 b 2
12 6 a 4 12 10 b 3
10 2 b 4 0 10 b 1
4 4 a 4 0 14 a 1
5 1 a 4 6 9 b 2
0 1 a 4 10 11 a 2
10 14 a 4 12 8 a 3
6 0 b 4 2 11 b 1
14 10 a 4 2 9 a 1
14 3 a 4 8 5 a 1
9 11 a 4 5 8 b 2
5 1 b 4 4 5 a 1
7 13 a 4 1 1 a 2
12 6 a 4 8 11 a 3
13 7 b 4 5 14 a 1
1 12 a 4 14 4 b 1
13 2 a 4 11 6 b 2
10 5 a 4 8 12 a 1
3 2 a 4 9 0 a 1
9 14 a 4 13 11 a 1
7 9 a 4 13 2 a 2
9 11 b 4 3 12 a 1
0 11 a 4 3 3 b 1
10 11 a 4 10 0 b 2
8 11 b 4 5 8 a 3
6 0 a 4 2 9 a 3
9 4 b 4 1 11 b 1
3 10 b 4 6 5 a 1
9 3 a 4 9 8 a 3
3 14 a 4 8 7 b 1
3 11 b 4 5 4 b 3
4 7 a 4 2 9 b 3
10 13 a 4 14 6 b 3
7 2 b 4 6 1 b 1
1 11 a 4 9 5 a 2
8 14 a 4 6 4 b 1
2 9 a 4 0 5 a 2
6 10 b 4 8 0 a 2
1 12 a 4 12 9 b 2
1 10 b 4 4 0 b 1
5 1 b 4 5 3 a 2
9 12 a 4 2 9 b 2
2 7 b 4 5 0 b 2
2 6 b 4 1 3 b 2
5 10 a 4 5 9 a 2
11 4 a 4 14 2 a 2
9 12 a 4 11 6 b 3
0 0 b 4 9 6 a 3
6 3 b 4 2 11 b 3
5 12 a 4 14 5 a 1
10 7 a 4 13 7 a 1
-1 -1 -1 -1 -1 -1

