20
12
9 18 4 13 18 2
11 2 4 9 5 3
4 4 4 18 14 2
13 9 4 18 17 3
12 8 4 10 15 1
18 3 4 15 16 2
18 14 4 0 12 2
4 4 4 18 5 2
3 19 4 18 10 3
17 15 4 6 13 1
13 0 4 12 17 3
1 18 4 4 5 3
9 16 4 14 1 3
15 15 4 14 11 3
13 8 4 16 5 1
7 12 4 17 5 3
17 19 4 6 11 1
1 6 4 2 4 3
16 2 4 4 3 2
7 3 4 17 3 3
2 12 4 17 11 1
7 16 4 12 11 2
11 8 4 11 7 1
8 8 4 3 16 1
9 0 4 0 15 3
3 11 4 4 4 1
9 4 4 11 0 3
19 5 4 10 6 3
4 9 4 18 4 2
0 19 4 1 7 1
12 17 4 13 17 2
0 6 4 13 16 3
14 12 4 2 12 1
14 15 4 18 9 2
3 9 4 1 0 1
17 13 4 14 12 1
11 0 4 17 0 2
4 15 4 13 9 1
1 12 4 3 9 2
11 2 4 18 19 2
12 11 4 6 14 2
3 4 4 8 18 3
12 6 4 13 15 1
4 12 4 7 13 3
18 3 4 6 14 1
18 7 4 11 13 2
4 2 4 4 15 1
9 6 4 10 10 1
15 9 4 4 0 3
0 0 4 15 17 2
18 1 4 3 3 1
4 14 4 0 19 2
13 16 4 15 3 2
19 9 4 2 0 1
14 17 4 5 7 2
11 2 4 2 15 1
19 11 4 5 17 3
18 5 4 13 14 1
19 3 4 14 3 1
8 15 4 8 4 2
11 5 4 4 8 1
6 3 4 3 19 3
7 4 4 10 4 1
14 4 4 7 9 2
8 19 4 14 18 2
11 1 4 6 9 1
5 7 4 15 7 2
17 13 4 13 3 1
9 19 4 6 17 3
6 2 4 5 2 3
14 12 4 12 14 3
13 14 4 17 12 2
18 17 4 12 10 2
3 4 4 17 14 2
5 4 4 10 10 3
7 2 4 15 0 1
13 9 4 6 0 1
10 13 4 18 15 3
2 6 4 17 19 1
18 6 4 14 14 1
16 12 4 1 10 3
8 4 4 14 16 2
4 14 4 6 14 3
14 19 4 10 0 1
18 13 4 6 16 2
12 6 4 19 7 3
8 15 4 18 15 1
4 4 4 0 14 1
5 1 4 18 6 2
0 1 4 10 11 2
10 14 4 12 8 3
1 16 4 19 12 1
14 10 4 2 9 1
14 3 4 8 5 1
9 11 4 17 10 2
4 15 4 4 5 1
7 13 4 1 1 2
12 6 4 8 11 3
17 3 4 5 14 1
1 12 4 14 19 1
13 2 4 16 6 2
10 5 4 8 12 1
3 2 4 9 0 1
9 14 4 13 11 1
7 9 4 13 2 2
19 19 4 3 12 1
0 11 4 9 18 1
10 11 4 2 15 2
19 18 4 5 8 3
6 0 4 2 9 3
13 19 4 19 11 1
18 18 4 6 5 1
9 3 4 9 8 3
3 14 4 16 18 1
19 13 4 13 15 3
4 7 4 18 2 3
10 13 4 16 9 3
7 17 4 4 16 1
1 11 4 9 5 2
8 14 4 13 16 1
2 9 4 0 5 2
19 1 4 8 0 2
1 12 4 18 12 2
18 16 4 0 19 1
4 15 4 5 3 2
9 12 4 18 2 2
16 12 4 1 15 2
15 17 4 9 16 2
5 10 4 5 9 2
11 4 4 14 2 2
9 12 4 16 6 3
0 15 4 9 6 3
10 16 4 19 12 3
5 12 4 14 5 1
10 7 4 13 7 1
-1 -1 -1 -1 -1 -1

